375.6
148.63
381.45
156.75
381.45
131.23
382.8
206.29
197.79
238.7
164.15
130.65
200.43
354.0
207.39
381.9
363.0
298.69
371.55
354.45
276.05
118.47
199.21
194.05
361.65
218.1
211.97
217.25
179.0
365.25
253.1
263.9
262.55
180.8
202.75
207.39
270.2
125.43
349.5
263.45
121.37
204.52
205.65
302.75
120.21
137.2
373.8
172.7
300.43
235.55
358.95
322.47
172.92
363.45
323.05
279.2
372.9
256.25
117.89
360.75
123.11
213.77
231.75
184.89
365.25
314.93
243.2
355.8
373.35
375.15
236.9
282.45
130.07
381.9
209.13
339.15
144.57
276.05
267.95
189.41
210.29
209.71
211.45
148.05
285.35
368.85
181.25
224.21
185.31
240.5
200.19
245.0
336.9
167.75
255.35
294.63
281.9
227.22
309.71
260.3
1074.92
1195.55
1142.0
1445.66
1320.65
976.4
1133.45
1313.9
1097.78
1160.0
1071.51
1137.5
1334.6
1303.1
1450.39
1110.5
1040.06
1063.68
1176.65
1080.35
1362.95
1300.85
1122.2
1465.51
1072.7
1293.65
999.74
1093.74
962.46
984.78
1168.55
1199.6
1282.89
1044.29
1177.1
933.33
1094.75
1309.85
1144.25
1166.51
1075.11
1148.75
1272.5
856.25
1287.01
1286.9
1265.3
1245.5
1096.13
1169.9
1061.3
1235.15
1217.15
1248.2
1070.9
1102.85
1460.31
1144.25
957.07
1062.45
1219.4
822.86
1315.7
1139.3
1183.85
1344.05
979.02
1024.97
1443.77
590.51
899.6
1172.48
1145.24
1084.4
1099.25
1356.2
1279.7
1068.68
913.73
1033.55
1267.55
1137.5
1115.0
1447.08
1374.61
1052.11
1087.55
1098.71
1078.1
1246.85
1181.6
1256.3
1224.46
905.06
821.13
1297.7
1259.2
804.33
819.63
1185.23
1812.2
1438.7
1683.47
1341.36
1366.25
1854.95
1299.85
1196.09
1219.75
1677.53
1517.45
1619.5
1390.4
1445.26
1680.8
1596.2
1372.1
1545.6
1608.35
1732.45
1159.35
1504.02
1821.65
1560.95
1722.57
1252.4
1574.1
1581.35
1435.67
1501.55
899.35
1546.25
1269.12
1364.3
1229.17
1714.1
1181.31
1483.7
1549.25
1507.0
1483.28
1372.55
1154.12
1458.95
1466.15
1680.2
1744.7
1701.35
1510.7
1736.05
1571.47
1122.85
1832.35
1442.3
1684.7
1387.86
1327.55
1120.75
1564.33
1545.69
1314.05
1521.35
1699.7
1318.34
1413.05
1579.55
1689.71
1481.78
1564.89
1839.1
1691.95
1580.3
1413.5
1249.37
962.0
1369.02
1688.9
1531.85
1491.8
1096.16
1778.45
1384.86
1737.02
1884.1
1412.6
1853.5
1760.45
1418.0
1695.55
1342.14
1891.3
1581.35
1785.2
1747.25
1187.78
1256.45
1399.51
1795.4
1570.1
1688.8
1425.3
1177.33
1233.27
1107.38
820.85
1005.03
1000.33
967.1
1094.5
1329.0
722.4
896.45
1067.0
1145.0
828.5
849.6
1370.9
577.95
864.95
1039.39
1481.95
1005.64
1039.22
1063.4
1152.4
1125.66
1525.52
1414.9
1039.37
1186.89
610.42
725.28
846.49
1489.65
1121.5
1027.65
995.68
662.19
1308.68
1407.34
730.52
911.6
1131.4
1385.7
876.6
1091.8
1203.43
665.48
637.8
1458.27
1403.7
1255.4
860.31
1453.46
815.9
917.13
931.1
1173.25
780.03
868.05
973.95
842.9
1573.75
1133.2
638.88
1344.05
1509.92
693.15
825.77
1136.73
1182.78
824.45
1182.7
1119.85
1176.85
1335.57
912.65
805.74
952.78
1322.25
958.14
1343.57
1219.04
577.5
1219.1
950.45
1488.75
536.89
1094.33
1301.3
883.88
1324.47
686.85
860.45
1391.1
1365.05
1164.68
1093.96
1366.57
1451.35
1402.77
558.6
1270.72
1401.12
1067.87
820.64
1344.4
1186.29
597.61
1509.22
884.94
1096.75
1148.89
911.25
1106.72
933.62
1580.54
609.89
1537.24
556.29
1322.44
810.24
1010.69
879.65
1094.64
1138.49
1449.62
952.25
603.94
1587.99
651.89
934.69
1277.15
1202.96
905.45
1739.35
902.65
1100.77
882.15
1121.74
1129.09
1270.64
759.2
453.3
863.98
1415.69
594.29
1115.0
1542.14
856.76
469.71
437.3
466.74
449.48
885.36
789.25
1092.86
974.27
421.35
834.48
1135.96
1100.55
828.78
796.9
1257.94
455.45
1179.19
897.75
919.55
390.15
862.32
781.78
1103.85
800.47
886.53
1199.45
896.23
1268.94
1228.83
423.91
781.85
844.47
426.97
424.97
1127.35
895.01
1277.09
932.44
861.09
1326.63
397.22
601.2
458.46
1021.07
475.17
404.03
883.42
778.46
1156.05
1007.91
890.14
913.08
798.23
398.58
881.2
392.74
1181.28
782.2
902.91
681.38
839.79
823.25
809.42
402.58
399.31
898.77
908.1
1196.31
865.33
434.2
1225.01
1093.92
1159.75
408.2
417.84
390.53
763.95
873.4
1234.79
407.52
805.24
1104.86
899.05
847.98
456.81
875.11
1371.52
431.54
1138.88
764.66
907.83
831.83
763.04
371.35
422.16
401.04
1114.98
1193.04
434.57
1156.03
1221.98
1191.66
1233.75
1413.9
1080.59
805.28
995.71
1023.57
1232.56
1181.74
1119.79
1091.88
1285.09
934.81
1182.83
1024.35
1044.02
951.81
1276.08
1402.61
977.85
876.08
1180.14
1465.03
1076.73
1024.22
1232.38
987.73
1290.65
892.56
925.43
1212.12
969.07
927.84
1142.14
1206.43
1415.44
1263.87
1070.34
1428.85
1252.3
1284.93
1307.88
1300.97
1059.77
1233.95
1103.15
1405.94
1047.28
1039.12
1269.06
1092.38
1421.95
1071.48
929.6
1181.01
1159.72
849.89
1049.36
1205.45
1114.7
1278.03
1035.44
1374.87
1166.17
1084.31
1065.98
1073.52
1152.95
986.36
1445.47
755.63
1047.32
830.41
1183.0
1097.19
1461.79
1068.64
1467.52
1033.03
1075.17
1061.98
1030.55
1244.72
1248.69
934.49
1113.36
1076.39
955.93
1150.77
794.72
1116.48
1075.76
1322.87
1346.33
1051.69
973.82
1361.92
1093.07
1093.59
1550.3
1487.85
1769.45
1724.45
1703.86
1823.45
1749.2
1653.83
1629.26
1513.95
1695.65
1646.27
1545.8
1637.76
1751.0
1769.45
1691.6
1748.3
1593.05
1651.1
1589.9
1546.25
1489.65
1485.6
1762.7
1753.0
1461.75
1699.7
1503.55
1631.62
1724.9
1712.3
1636.34
1639.18
1626.42
1712.3
1539.55
1793.3
1835.15
1513.45
1554.35
1798.7
1545.0
1546.7
1548.5
1804.1
1426.65
1710.5
1842.8
1722.2
1569.25
1646.6
1744.97
1469.85
1821.2
1617.35
1495.5
1645.7
1744.49
1755.83
1743.08
1440.15
1698.19
1610.15
1495.05
1664.15
1647.68
1681.65
1841.0
1547.65
1850.0
1473.0
1455.9
1628.31
1743.35
1719.5
1418.55
1534.65
1764.5
1724.65
1749.65
1428.0
1679.9
1820.3
1590.8
1559.3
1680.35
1414.95
1721.81
1646.74
1562.05
1527.9
1814.0
1555.7
1756.4
1689.35
1708.7
1547.25
1562.5
1616.0
1425.8
1185.77
1045.05
1799.45
934.25
934.07
1444.43
1529.09
878.08
1423.08
1906.7
1121.5
1814.12
1611.27
990.95
1975.98
1477.25
1411.8
1679.45
1648.37
860.5
1964.45
1542.5
1686.35
1550.82
1439.15
1276.75
1113.29
1767.8
1631.91
1627.7
1243.0
1785.13
886.71
1267.25
1782.8
912.3
1682.3
1441.91
570.31
1796.0
1804.55
1352.41
862.42
1221.15
1511.0
1896.5
864.23
1423.35
1577.49
1282.55
1279.45
1428.3
1886.9
1475.5
1228.47
1545.8
1761.98
798.59
1955.9
1566.68
1226.16
722.61
236.93
1553.87
792.83
1518.12
1817.45
1440.16
1107.95
1609.54
1356.61
1099.0
624.01
1080.45
1152.4
1630.53
1413.55
518.55
1344.47
1104.25
1301.58
901.4
1423.05
334.95
1715.89
1122.45
1574.73
1283.28
1664.6
1941.25
793.5
1482.17
1296.57
1008.05
1331.0
1764.95
625.1
607.1
1170.35
1575.68
1685.9
1443.2
1674.65
1639.65
1602.05
1483.8
1557.55
1305.19
1528.1
1274.65
860.0
998.7
1122.21
1428.95
1599.46
1620.43
801.5
1624.9
1277.15
1194.58
1585.66
1538.2
1338.7
759.77
1809.35
1041.7
1544.42
1044.95
1710.65
625.65
1344.5
741.32
882.53
663.35
878.9
999.95
1059.07
1569.65
626.0
551.4
892.45
970.77
1703.45
1238.51
1931.8
1794.65
1433.21
1041.41
1592.3
1379.8
1473.2
1868.77
1808.45
1345.2
857.68
1315.0
504.15
1603.3
1744.6
1757.0
718.11
369.57
835.75
1338.67
1352.83
1172.33
1299.05
1508.0
1859.28
1796.4
1947.5
1267.06
1922.85
806.13
884.35
1658.2
2064.95
1239.9
1632.2
1380.93
1745.45
1682.9
1305.03
1585.3
1031.96
680.23
756.87
1009.41
1566.09
1882.55
1798.84
1247.5
1257.85
1135.47
1251.15
1625.0
1551.2
835.3
1637.5
1032.35
863.2
1827.8
1217.85
1287.28
1645.15
762.8
1202.5
1297.9
1885.25
1112.76
1655.92
1556.45
926.15
1678.45
1993.42
1690.1
1822.4
1224.55
1446.08
1074.5
2060.45
1536.45
1793.75
833.45
1404.1
1071.05
795.65
1066.93
1725.76
534.41
1303.04
1417.81
1595.75
1811.0
1168.46
1792.81
1978.1
1936.1
1609.25
1040.0
1199.4
1582.55
1283.75
1920.35
1634.49
892.0
1727.96
1759.9
1536.0
883.05
930.65
1819.85
1389.65
1575.5
2087.45
1287.1
1818.35
1465.59
1849.85
1163.2
1647.95
1000.44
1364.0
1229.9
1417.15
990.95
1122.21
937.0
1619.45
1290.95
819.35
1238.95
1813.0
897.9
1383.89
1516.85
1834.25
1682.9
1143.35
818.31
1268.6
643.1
884.75
1497.95
1087.9
1517.05
1116.45
1427.56
1493.65
1098.15
1040.51
1737.2
1507.26
1282.85
1474.25
774.38
1481.79
1322.65
1351.5
1075.57
1511.16
848.3
2002.4
1408.07
1490.53
1741.98
1340.25
1117.85
1767.95
1574.75
1215.33
1027.05
1246.2
1466.6
979.75
1492.25
1624.4
1532.3
1257.65
879.8
1630.59
717.45
1525.55
819.1
1164.68
1351.64
1140.59
1671.05
1323.09
1233.5
1186.75
1551.65
1390.87
1325.4
383.74
1341.05
1908.66
1494.5
968.45
1852.15
1146.5
1224.7
1603.85
1230.35
1549.51
456.5
950.95
1690.7
1717.6
1276.21
1363.44
1767.05
1404.42
1647.25
1642.55
1578.65
1251.05
1233.3
1702.1
1738.66
1634.75
1452.3
1629.53
1001.3
1295.15
1697.75
1006.5
1588.55
1697.0
1056.65
1589.0
1832.9
823.55
1280.4
1032.35
1540.5
1640.3
1309.55
1372.15
1017.05
1836.05
1426.85
1367.39
772.04
596.75
1358.45
978.35
1539.35
1782.35
1195.75
1419.91
1135.5
1162.25
1512.85
1256.45
1591.7
1599.09
1607.9
770.79
1346.55
1509.8
380.63
2030.75
1355.31
1350.6
1529.6
1400.1
1801.7
1168.55
978.9
1390.82
1067.59
1618.1
1488.25
1701.35
690.33
1390.94
1344.05
1522.4
1310.83
1088.19
1393.93
1591.7
1193.41
1552.55
1562.93
1040.45
1836.8
1723.9
789.1
1462.55
983.64
1500.35
1831.55
1624.25
1142.14
1096.75
1406.56
1164.43
1512.67
850.9
1364.3
1588.1
1453.55
1891.55
1663.4
1246.1
1358.82
1211.55
1562.37
1339.26
1063.85
1614.35
754.55
985.5
1521.51
1105.23
1861.15
1233.5
1877.8
608.45
1755.61
1210.25
1755.83
1502.23
520.35
823.41
1758.1
724.82
1283.06
1051.7
1151.65
1559.75
786.21
1675.7
677.3
1479.25
848.15
1235.8
1190.35
1348.72
1038.2
1763.51
1577.75
719.26
1000.95
1009.14
1523.39
1121.55
854.43
1438.63
806.75
1247.3
1474.86
1405.4
1839.55
1849.55
1639.65
1341.68
1744.55
1593.95
1296.35
1356.55
899.15
1418.49
1180.45
1441.81
1658.97
1837.35
1186.3
802.5
1603.15
1272.88
1296.8
1632.3
1851.65
1436.86
1408.65
1143.16
1318.55
603.5
1359.77
1592.1
902.8
1452.5
1780.6
1210.9
1250.7
1336.1
1086.68
1487.3
1211.81
1156.68
1867.72
941.45
1814.3
1269.64
615.97
1022.95
952.7
1774.7
1511.65
1730.2
969.85
1644.2
1252.05
1379.35
888.85
1181.25
1767.8
1352.75
1597.0
897.85
1472.0
1832.6
1851.35
1842.85
593.15
822.7
1014.85
1199.81
1257.4
915.7
1726.4
1668.16
1096.68
1255.65
1598.0
1148.21
1263.35
1012.4
1157.49
1106.65
885.85
768.73
805.2
1457.15
1240.85
575.59
1230.83
1260.94
1622.4
1420.49
995.9
1060.73
1533.2
963.17
1488.19
533.83
774.4
953.15
951.35
806.9
1138.22
1449.95
1580.86
1507.35
908.15
1517.96
994.75
1182.3
1256.81
1197.76
2057.3
1922.8
1334.85
1285.56
730.78
1537.4
1499.5
1229.0
854.15
1537.25
1600.25
1178.65
1042.17
1090.25
1334.47
1929.55
1779.2
1958.35
1264.55
1503.41
1671.02
1332.29
1066.93
784.4
1484.7
1063.7
1619.0
1358.76
1126.89
1574.73
1380.3
1301.99
1815.2
1324.37
1341.95
824.65
842.9
1920.2
1537.2
1635.1
1942.6
1483.46
1195.75
1719.35
1179.1
1146.25
1372.55
1066.55
1574.95
1839.95
1123.92
919.94
1721.22
1151.69
1428.33
558.24
1277.15
1212.64
1240.49
1713.5
976.55
1197.1
1472.6
1585.85
1419.35
1698.8
1583.21
1153.07
1398.65
1818.6
1205.2
1434.37
1569.55
1250.55
871.37
1470.2
1195.3
974.3
1199.81
1512.05
1193.3
546.59
1493.9
995.45
1198.5
1617.8
873.5
1744.85
1144.9
1718.0
1005.7
1646.6
1479.25
2024.3
1296.53
1334.66
1780.4
1592.75
1186.49
856.9
1072.85
1821.65
1006.25
1557.05
1035.74
593.31
1285.35
1265.0
806.71
1514.1
1990.1
628.25
1356.52
1440.17
1329.52
846.93
1530.52
1263.7
1338.53
1372.55
1437.03
1135.15
1272.65
1246.1
1266.4
1707.22
1801.25
1362.75
1115.1
1221.07
1236.7
1575.95
1640.2
1485.67
941.45
744.31
1717.29
968.95
696.75
1298.12
1812.09
1551.55
1616.0
1475.95
1513.4
899.65
1305.03
1723.4
964.54
1891.7
1578.87
1809.4
907.91
937.2
1172.8
1429.97
1726.25
1143.15
1869.8
1402.3
1119.05
1478.3
1289.69
1316.16
1779.8
1630.9
833.97
1167.65
984.99
1146.18
1198.82
836.15
1513.24
1203.4
1490.1
895.1
1091.6
661.1
1538.49
1181.45
1382.0
1196.44
2022.95
1525.45
288.85
989.15
780.07
957.05
1489.2
1178.35
1336.81
1777.9
1687.4
1785.41
958.1
567.24
1337.71
1364.77
1652.52
1423.4
1225.55
1314.05
469.31
639.83
1571.82
1618.7
797.95
536.73
872.6
1191.69
1497.2
776.3
1768.0
518.29
654.8
965.24
1254.75
1501.7
1612.85
1422.8
1268.65
1645.55
943.3
1787.15
1333.61
1372.4
853.25
1305.6
1572.62
1182.88
1168.8
1225.05
1249.55
1576.07
1613.01
1522.4
916.25
1058.35
1051.81
1481.57
1094.09
1471.65
1168.46
1240.35
1579.23
2046.95
1750.63
1636.55
614.32
1245.3
1439.04
2028.05
1185.45
1268.08
959.0
939.65
1685.6
1599.35
1828.7
1279.03
1617.83
1208.57
2071.7
1354.2
824.5
1065.65
1259.79
730.93
1304.15
1157.49
1344.25
1593.5
1381.4
1713.05
1552.34
575.59
1110.7
1661.35
1068.21
1443.01
1199.35
1245.13
678.74
1129.07
1149.9
1262.35
1635.25
1368.23
1383.9
1480.55
501.9
1336.55
846.05
1517.02
1365.65
775.4
1486.45
1096.3
1730.3
1981.1
1720.1
1556.65
829.91
1381.93
1192.85
1144.15
1426.6
1469.76
780.9
1567.45
1822.45
1821.28
1320.9
650.75
1225.32
1397.75
749.36
1585.4
1048.68
431.05
1228.1
875.62
1162.35
1261.79
1230.98
886.51
848.05
1723.38
1049.0
737.31
1432.47
1492.35
1193.28
1641.5
1718.9
1667.95
1314.6
594.71
913.1
1610.95
1127.35
1506.14
1038.77
527.45
1770.5
1587.45
1137.5
1041.41
2008.53
565.73
1752.65
1059.85
874.85
1473.34
1584.5
886.26
1191.69
709.24
1435.9
1559.54
1828.4
751.25
1576.4
618.0
1323.07
1451.17
1364.71
1562.45
1490.06
995.9
1405.85
1236.1
806.87
1405.97
1815.2
1629.65
1195.01
1656.19
1928.15
1427.75
1168.55
1229.5
1275.85
1072.34
1365.4
1495.55
1379.4
1320.4
1629.0
1401.31
1668.59
1634.92
1703.65
1574.73
1424.15
938.3
586.4
1182.05
1709.45
872.52
1487.6
1148.55
1098.03
1575.59
1590.65
1754.3
1277.3
1044.85
1409.27
1388.56
1466.7
1453.14
1970.0
739.24
738.96
1267.25
1506.44
1579.76
1507.15
1893.87
1169.9
551.23
1342.17
1556.0
1513.5
585.95
1532.85
812.15
832.55
1550.9
1153.46
1083.94
692.95
1497.3
1178.2
1811.0
1904.3
1523.3
1252.5
1129.6
1914.2
1229.45
1132.55
1161.79
987.45
1266.2
901.4
1516.85
1603.85
748.88
2020.06
1388.6
1530.95
1350.5
1190.38
1677.35
1453.15
1827.35
870.5
1129.65
1050.37
1486.85
1677.87
1657.85
1269.05
1855.21
1386.8
960.35
1310.05
1443.7
1191.7
1845.53
917.35
1183.4
753.14
1643.45
1473.35
1461.73
836.72
1412.65
1086.66
592.7
776.01
1254.0
539.95
846.05
930.2
1320.4
1024.45
520.8
1184.18
1644.7
670.89
917.65
1409.75
1534.97
1222.3
1592.71
1276.1
1543.47
1323.55
1283.75
1377.55
788.9
1612.4
1530.4
1433.8
999.97
993.4
1456.05
1003.55
827.57
1180.45
1702.25
1612.46
857.8
1516.2
1111.28
1554.05
1971.65
1141.25
1402.97
1681.1
622.85
1222.75
1199.35
1298.75
1199.8
1167.49
1495.5
1717.7
1639.65
1684.45
1189.95
1397.85
1399.15
1821.35
1607.24
1783.06
1459.37
906.4
1615.85
1432.49
1281.7
1646.36
864.95
1067.0
1119.85
1192.32
799.08
1333.7
1600.6
575.59
961.96
979.75
1287.05
1419.16
761.55
673.95
1357.25
1573.71
1645.86
1147.63
1992.35
1894.45
1875.57
1507.6
1245.65
1222.74
797.43
1264.31
1673.62
595.05
1383.0
544.85
1488.89
1814.35
1330.55
1349.69
1244.8
1127.41
1559.9
736.47
1131.45
1250.37
1624.53
1637.74
1210.4
802.65
883.45
1608.56
191.15
931.32
1721.75
1345.55
740.85
1064.05
1394.7
941.89
978.59
1537.8
1549.4
1344.05
1589.0
1831.4
1322.1
1646.76
1181.35
1427.1
1505.75
1143.42
1261.7
1998.26
912.44
1559.45
1096.55
1633.13
1114.75
886.0
1400.34
1574.24
1045.65
1053.47
950.5
1740.05
1302.8
1034.02
1215.8
1490.9
1325.85
1763.6
1635.65
717.33
340.66
1004.9
1321.8
1596.8
1616.0
1593.85
1365.2
1751.0
1738.75
1606.55
653.55
1845.18
1564.7
1222.75
1559.75
1827.35
1166.19
1741.1
1068.65
1417.45
1155.75
1244.26
1324.05
1180.0
1491.4
1198.65
1601.52
393.45
1687.55
955.45
1386.95
758.7
1038.43
1688.3
1433.3
1595.9
921.4
1768.85
938.75
1168.76
1682.45
1473.5
1177.09
519.45
776.3
1763.39
1701.5
1342.35
546.01
1080.3
908.9
1122.62
1571.45
1077.15
1565.45
760.22
1238.9
1532.87
1765.41
1185.79
1020.79
1731.65
1241.6
677.86
1830.95
1615.21
1925.05
1761.35
990.5
1126.57
854.25
1521.35
1704.55
1115.51
1298.36
1602.57
693.13
964.4
1054.54
1665.2
1145.35
1941.7
1196.4
1076.05
1375.33
1446.35
1725.95
667.05
1678.55
1109.35
1034.05
821.31
1656.81
1201.6
1822.68
1608.5
970.8
1192.2
1135.8
1724.3
1567.16
1335.7
1332.8
862.8
961.3
907.75
1134.65
1253.35
1386.55
1742.92
900.95
1584.05
1213.3
1451.78
1319.43
1557.0
1820.78
1264.33
1688.15
1339.83
1696.45
830.3
997.6
918.5
1845.65
1672.6
1003.65
1208.15
1058.45
1545.9
1405.7
1485.15
1533.8
1331.71
1196.65
1297.45
1806.7
1089.62
1419.8
1137.72
1587.5
1694.0
696.01
1322.43
1857.95
1921.45
1165.61
1192.27
947.09
1167.99
1773.05
1283.68
1453.6
1482.99
1122.2
1189.45
1365.8
1016.73
1628.45
1245.4
361.7
1305.37
1467.55
1937.8
1413.6
1472.75
1965.1
822.7
1307.85
1624.55
1323.5
1319.48
1232.6
975.2
1231.8
1244.6
1789.74
1473.15
1372.47
881.15
669.18
1411.8
801.53
1250.2
937.4
1176.41
850.55
1283.9
948.7
771.56
1600.55
1098.14
1881.2
1266.74
1013.7
1467.95
1157.9
1312.8
1865.0
1112.65
1734.05
1983.24
1653.65
1083.05
653.45
1089.74
1229.55
1581.95
706.2
1611.8
1702.4
1314.1
1435.85
1040.51
591.8
1349.0
896.75
258.37
869.05
1396.5
1720.13
1419.65
1851.95
1346.3
1810.2
1256.0
1398.38
1563.79
1343.6
753.9
1083.05
1245.25
1686.95
1400.58
1609.7
915.8
1700.29
1501.7
1195.87
1366.75
813.09
1801.25
1199.6
1567.1
2010.35
878.66
1757.6
245.99
1814.3
829.33
1567.4
1551.65
967.47
1679.75
1835.45
1320.4
1273.15
797.9
1129.77
1733.12
1319.05
1067.11
1835.05
908.6
1770.41
1614.65
1299.95
365.42
1754.9
602.15
307.7
1423.52
1274.45
1790.05
1535.5
945.95
1725.2
1247.9
1225.91
1327.1
1268.57
1086.06
1567.19
603.95
1546.55
1119.05
1273.36
1598.9
1308.65
1680.69
965.6
908.15
1475.43
1691.0
1091.14
776.7
1019.75
1019.5
662.45
1026.05
1574.15
1410.4
1774.27
1082.42
1702.1
1026.61
1763.0
1857.05
1271.35
980.15
1328.45
936.25
1980.5
1562.77
893.35
1452.05
1002.1
1175.73
768.16
1082.83
505.1
1538.7
1826.0
1611.84
1559.69
1326.95
782.9
1488.65
1582.27
1304.91
660.65
1346.5
1199.85
766.43
1045.19
1008.73
1139.1
1291.4
1826.41
1172.39
480.75
618.35
1908.05
970.25
1760.75
1866.05
774.27
1282.4
1875.95
1192.69
1001.69
1291.67
1344.3
1499.46
1511.15
1327.92
1746.85
1884.1
1290.3
1042.92
1782.2
1734.8
1590.65
1719.4
1490.5
930.1
1724.6
1464.04
944.6
997.7
1569.65
936.95
819.12
1116.35
1024.52
1021.45
343.95
1331.45
1747.1
1741.51
1425.38
1629.24
1590.72
1488.75
1338.0
1042.75
813.65
892.4
1468.95
1746.85
1370.06
1515.25
575.59
1560.65
1875.03
1569.55
1061.35
868.3
1280.3
1830.8
1015.25
1310.75
1102.2
849.65
1216.59
1841.9
1340.6
1630.4
1357.25
1044.35
1898.59
1146.26
1423.93
1183.57
1382.0
1054.93
1213.77
1039.27
1395.35
1124.65
1308.65
1724.18
1276.8
1164.67
1146.25
1565.6
1530.5
1349.7
1297.19
1124.85
1427.72
1085.27
1821.12
551.81
1870.6
817.7
1347.85
606.3
1565.91
871.75
791.0
437.58
1558.85
1623.32
911.49
1324.38
1875.65
1516.65
1548.26
1787.45
1308.2
1423.4
1335.3
1099.06
1835.9
1440.68
766.89
1887.05
1199.85
1387.4
1708.7
2106.35
1273.55
1548.06
1606.9
776.75
1214.8
1526.35
1180.5
1367.2
833.9
2021.75
1314.5
1186.1
1559.75
1287.05
1565.67
1796.3
1123.35
779.45
904.6
1367.2
1858.1
940.74
1378.36
847.4
2096.45
1564.7
1072.25
1761.8
1506.5
1483.25
1821.65
1050.77
1199.71
1554.65
492.0
1945.1
1833.05
1904.9
1516.54
1652.63
1174.15
909.5
1717.7
275.57
1326.65
1348.4
1068.36
1803.8
1347.85
1451.03
1293.85
1305.95
1499.91
927.05
1450.4
1566.17
1658.97
838.8
1268.35
1228.0
1389.38
773.06
1040.72
548.91
1623.2
946.49
1013.45
1167.79
1234.0
1633.55
1655.45
1315.4
1764.05
926.15
774.4
1642.9
1811.15
962.56
559.05
1387.03
1663.7
1621.3
1736.93
1546.8
830.3
722.42
1779.7
780.54
1672.2
1002.85
1851.95
1049.95
1305.5
1387.3
1062.1
1026.05
1560.76
1904.45
1577.41
1721.75
951.8
1593.56
1565.86
1295.9
1898.9
1430.65
1396.85
1026.01
1955.0
905.45
917.8
1372.15
1181.8
1475.95
1298.15
1527.19
1406.72
1485.05
1545.7
1529.25
1552.83
892.4
1186.1
776.81
1431.47
1375.7
1891.4
1832.0
461.85
691.86
1418.3
1824.8
771.95
1756.85
860.8
1287.87
888.4
1025.4
1840.85
1546.34
921.63
1705.25
1722.2
953.15
1046.95
540.15
952.7
1427.0
1812.2
1277.6
1345.4
1317.2
1015.15
1736.45
1651.9
1532.43
1693.4
383.1
1491.5
1488.2
1702.75
583.07
919.54
1850.9
1644.2
1468.6
855.0
1220.05
1799.75
1560.2
1509.72
1562.0
1248.9
989.6
1704.62
1236.98
1471.55
1023.1
666.05
922.45
1571.6
1950.46
1707.99
1850.3
2046.5
1877.0
1644.7
1297.5
998.15
1063.4
965.75
729.0
1098.11
1503.85
1706.0
927.5
1798.19
1338.4
1602.85
1616.45
1253.8
1566.1
556.45
886.21
709.91
1021.95
1194.96
1545.45
1510.25
1950.7
1337.95
1183.2
1395.02
531.8
1134.79
1522.85
1266.85
1235.3
970.27
887.45
1433.2
676.85
1242.35
1221.29
827.15
1300.65
1456.8
1842.28
1159.96
787.57
634.71
584.25
1771.94
1483.99
1630.4
1078.13
1463.45
1312.7
1691.1
1864.85
1294.25
1825.15
1040.9
1421.15
1162.45
1070.59
1464.85
367.41
1749.95
1735.1
1501.85
882.5
1310.32
1440.55
1264.32
1678.9
960.8
1322.05
878.13
1597.81
1687.02
1438.1
791.67
1312.42
1806.65
633.9
1543.25
1752.35
1253.34
1230.85
1816.7
1617.07
1125.27
1394.7
1314.04
636.8
838.4
1637.45
1345.18
1164.12
1979.9
1278.6
1148.5
1479.95
1788.49
722.89
894.2
1715.08
1114.72
808.5
1148.8
920.3
400.75
1537.25
502.14
1119.25
1350.95
1492.44
1634.0
1644.65
1065.98
1037.75
639.5
802.45
1751.11
1726.25
1324.3
1183.11
1761.05
1493.5
1169.7
1380.2
1442.8
1424.3
431.15
2076.16
1374.35
1099.9
958.91
771.64
1786.4
1426.15
878.0
1734.2
1697.45
1456.89
1592.05
1316.75
1074.34
1706.0
1281.5
1389.5
1719.1
1263.2
1961.34
946.85
1585.52
1278.75
1158.48
1456.06
1651.4
1629.85
1069.15
1834.7
1050.95
1443.3
1322.6
1391.05
950.45
1152.75
1279.25
1225.55
2001.05
1157.55
1490.05
1588.55
1693.35
1906.7
814.15
1049.21
1425.25
1494.05
1659.17
1122.87
1174.65
1287.8
1013.0
1664.9
1142.48
627.8
994.55
1019.74
1131.75
1929.95
1021.1
590.45
1787.45
1620.88
1522.4
2067.65
1681.25
1569.1
1163.27
1378.45
1060.36
591.45
1566.85
1772.45
1550.8
1561.6
2086.79
1421.2
1669.1
1317.5
1173.42
765.89
1474.96
1338.09
1251.5
1168.61
1428.57
1610.8
863.05
1798.55
944.2
1856.0
2028.08
1101.71
856.0
1170.15
1729.37
1716.14
1511.9
983.75
1920.5
1685.43
1765.25
1546.91
1273.1
1902.2
519.0
879.85
1498.19
1165.91
1545.54
1349.53
1728.05
736.12
1353.62
1476.45
532.09
1503.97
1425.95
1440.68
1125.84
1535.75
1310.45
1191.7
1120.18
1861.4
1279.4
874.4
1188.31
1179.55
1536.86
1277.2
1511.05
595.77
955.0
1066.1
1108.02
1052.75
1669.84
1534.9
1820.6
1729.85
1589.9
1143.89
1361.6
1040.0
1832.35
1590.46
1306.85
1774.85
1995.95
1572.4
1575.95
1058.9
1393.7
1444.65
1312.27
1102.85
1927.1
1773.95
1588.76
1078.63
1487.75
1981.7
1142.2
1668.1
1470.5
1800.2
889.65
1630.4
630.75
1122.2
1603.75
1006.12
1162.25
1551.65
1710.05
1833.7
1593.5
1104.85
1160.9
1425.64
1999.55
1592.15
1272.2
1603.15
1631.02
1148.66
1618.2
1429.92
1069.7
1130.35
983.3
1746.5
1795.4
1829.3
944.15
1129.66
1838.15
1405.85
1285.8
989.15
1324.5
805.01
1040.65
1137.85
1298.15
1044.49
1411.7
1090.25
1464.2
1494.05
1586.75
1966.85
1830.01
559.34
788.45
963.84
1397.13
1840.85
1106.87
1630.3
1787.3
955.1
1291.09
1776.5
1805.9
1683.11
1505.75
542.65
1093.1
1424.52
1215.8
1444.1
1198.95
1290.2
1249.1
1250.68
1424.3
809.25
1385.65
1688.27
1777.1
1843.6
1646.9
1140.64
1233.56
992.75
1787.51
597.75
1044.95
1156.6
1461.2
1103.09
1832.54
1870.1
1045.07
1557.5
883.4
1275.03
1542.53
1348.88
1804.9
1736.93
1450.85
1228.7
1288.45
1191.35
1276.1
1560.65
1495.6
1479.03
1352.21
1381.05
1171.72
1679.43
1007.1
1859.23
722.42
616.1
1694.3
1057.33
980.79
1075.26
1138.75
1113.59
779.64
943.34
417.65
854.2
1716.05
736.42
1576.75
1723.54
1658.86
1218.25
1843.54
1835.0
1037.64
804.65
1823.75
1405.4
1783.17
654.35
1564.74
1484.9
820.9
1132.75
1073.3
1500.7
1347.65
946.85
1315.96
1530.35
1085.78
639.5
1331.68
1260.13
1216.33
829.4
1169.31
1214.78
791.6
912.7
1115.7
372.76
1535.05
1197.14
955.95
1743.65
1124.62
1840.1
1431.37
1414.25
1672.4
1637.99
1118.8
1624.1
1701.97
1658.03
677.4
1287.03
987.8
1734.03
708.43
1495.45
1547.7
1050.29
1894.45
1356.82
1187.24
1329.0
1120.6
2102.3
1541.85
1096.7
1550.75
1359.15
880.7
1349.69
922.6
1774.75
909.86
373.58
776.35
787.61
1583.3
1536.0
1222.27
1227.7
1347.85
788.2
1369.88
1292.3
1611.88
1530.4
1905.35
727.39
1221.38
1071.43
1818.5
1029.55
1475.66
954.95
1828.4
1274.45
628.7
1833.2
1303.35
1256.77
1736.15
1667.42
1582.63
2007.8
1436.05
1032.7
1183.6
1577.02
1388.6
1107.4
1671.52
1276.8
1223.75
1349.7
1813.29
1679.3
2018.0
2030.3
1037.61
1183.15
1445.55
1342.0
757.8
927.95
1115.62
1776.5
840.7
1428.41
1842.25
1117.01
1185.95
1409.0
1517.01
588.3
1068.65
1538.9
1436.05
784.96
1012.75
1825.4
1564.25
1351.95
1883.93
1233.05
591.9
1766.3
1413.5
1095.85
1986.95
1250.6
1827.85
905.5
1494.95
1491.97
1753.0
1553.95
826.0
1768.57
853.3
1839.81
1887.7
1274.55
1557.2
1669.99
1709.6
1132.23
820.63
1311.4
1618.46
1733.45
1055.15
1748.6
1556.91
814.1
1441.69
1503.48
1187.65
836.15
1780.85
1889.6
1338.85
1149.9
1367.41
1019.75
2063.6
939.67
1702.91
1478.57
1818.8
1061.0
1856.9
935.6
1275.85
776.75
1476.01
1448.23
534.41
1096.7
1458.05
1231.37
1665.5
1275.45
1624.57
1518.2
885.2
1320.31
836.65
2113.55
1158.4
1677.55
1209.38
528.61
1733.6
1502.5
1051.25
865.59
1096.7
1730.6
1286.45
1699.61
1849.4
1142.06
1220.05
1608.35
1358.2
1157.97
1704.2
983.66
1336.55
1279.03
1049.45
1522.97
761.4
1042.7
1552.4
840.5
1457.15
1557.65
954.95
1454.95
1420.35
1914.35
1358.45
1189.73
1694.36
482.26
639.05
1338.91
1462.6
1571.45
791.7
755.13
1292.79
1676.3
1772.6
1611.72
1736.15
1766.75
1417.36
1354.1
1850.75
1682.15
1221.65
1366.1
1483.46
1916.15
1565.04
1485.87
1447.09
1680.2
1300.15
960.35
1674.23
1783.85
1247.82
1372.85
1309.09
1578.18
1043.33
805.6
1029.42
1521.37
1509.35
1503.11
1520.24
1887.95
1302.8
1705.85
649.05
1111.65
1119.97
1267.25
1614.55
1058.98
812.95
1273.36
944.38
1671.5
903.7
614.3
1676.6
652.55
1246.15
1462.2
851.95
1455.99
1348.75
1476.24
1203.45
1023.9
564.45
1148.96
780.26
2002.25
1597.81
1173.38
1493.3
406.2
1074.25
890.65
1173.95
1380.89
2031.14
1115.2
1264.33
1251.1
1861.6
1757.06
1750.63
1572.41
1171.41
1705.25
1928.63
1663.85
1523.2
1438.7
810.9
1516.07
1268.93
1176.15
1908.65
1775.94
1696.1
1426.96
1394.2
1177.29
1122.9
1699.4
1493.62
1557.98
665.6
874.4
1722.67
1273.36
1491.8
1562.84
1771.85
368.72
1332.1
2064.05
1851.5
1121.55
1582.15
1478.65
1706.6
1567.55
1826.15
1457.79
1557.05
829.85
1602.4
1278.1
751.23
1702.71
299.05
1784.52
932.9
750.75
1344.65
637.7
1822.4
1590.62
1790.15
1809.35
951.55
1913.82
1265.75
1911.92
790.2
1010.88
1365.65
1526.45
1509.8
959.62
1561.85
1983.4
996.1
1158.65
985.89
1578.65
1789.1
1635.7
1886.9
1660.0
1120.15
660.65
1019.5
1449.55
2000.15
1627.1
1465.8
1115.33
1576.75
864.95
1839.5
653.45
1207.32
1458.35
1886.42
1016.15
1616.75
1536.8
1121.27
1423.95
1056.53
1485.83
928.85
1915.55
819.1
1145.11
1876.85
1460.35
880.41
1578.55
1237.2
1164.7
1560.2
1762.1
1400.39
676.85
1673.08
1307.55
1617.25
1173.24
889.7
1226.36
1261.4
731.4
1008.95
1902.55
1418.75
1001.75
1288.7
1242.35
1319.95
781.96
1771.1
1559.6
1281.5
1809.81
1374.8
1831.25
1629.4
1718.0
1725.05
1101.1
1648.56
1462.55
1420.35
1560.01
1571.15
1823.75
1451.15
1726.68
1534.65
871.12
1549.85
905.69
1448.5
1802.54
1287.05
1374.21
609.8
1249.54
1523.91
1626.74
1484.23
1683.8
1659.97
1153.5
1503.6
767.89
1179.35
1201.11
1285.75
1057.6
1187.07
1444.4
1590.73
1390.16
858.77
1070.24
975.65
953.15
1409.1
1596.86
1498.58
1509.4
1575.35
1377.05
1140.2
821.79
1463.11
1233.8
1843.25
798.01
1202.5
1713.2
840.56
1661.3
1047.65
1055.51
975.2
1757.2
1457.24
1860.95
1681.55
1068.82
1546.4
1141.15
906.4
1493.12
850.45
1453.65
1840.85
1174.6
902.75
1594.85
445.92
1613.3
1339.1
1433.21
1513.83
1190.4
1046.0
1567.4
966.65
1273.9
1696.71
593.7
1024.25
859.66
769.5
1563.32
1656.61
1503.28
1427.75
1277.25
1444.4
1653.83
1446.2
1268.63
1555.25
877.55
1579.38
937.9
1534.1
1707.65
795.5
1053.16
1242.64
1516.4
1872.95
1244.15
1898.3
1484.38
1384.08
1782.35
1017.89
1829.45
1069.15
950.5
1165.4
865.0
1737.4
666.5
1187.0
1788.7
1641.15
1178.05
1531.45
1922.6
1372.1
1703.86
1266.84
1152.85
1267.75
1072.85
631.4
1847.45
1268.25
1033.7
1262.37
868.1
1672.4
1728.43
912.2
1052.75
1909.25
2112.65
1064.95
1517.5
1616.4
990.57
457.35
1641.97
1163.8
872.2
1304.22
772.69
1475.15
1523.11
1094.75
1579.4
1612.67
908.15
1256.3
1249.1
1284.56
1250.47
1590.96
1055.59
1098.93
884.35
1309.6
1711.7
1891.85
1528.35
1945.3
1188.62
1298.4
1509.97
870.35
838.45
1530.6
809.65
1500.35
1461.65
1941.25
1200.3
907.3
1216.45
1761.8
1118.86
973.5
908.2
1213.55
1275.78
1318.62
1410.85
1366.61
1540.0
799.25
1417.5
1742.0
1477.95
1438.1
345.41
507.15
1624.55
1594.4
976.85
1842.25
1198.93
1363.51
923.83
1373.3
1263.17
1944.65
1074.63
1687.29
796.55
874.42
1776.05
1211.41
721.75
1604.9
1446.85
1281.2
617.0
1700.0
1046.75
700.71
1699.55
1895.0
1515.64
1525.2
1307.85
2014.85
1115.65
1706.9
930.25
1114.65
1048.8
1364.6
1245.5
1291.15
1134.6
1025.6
737.95
901.85
983.75
1548.69
1626.8
1850.75
1460.3
963.62
1558.4
1427.03
1023.26
1370.8
849.2
1120.79
1584.24
792.5
1506.65
1653.35
634.55
883.9
1799.05
754.08
1739.42
1196.2
972.44
1707.8
1318.21
1292.95
1599.8
1742.68
892.85
338.52
1763.0
1252.45
1670.0
1270.05
1352.21
1186.6
1938.5
1512.29
1629.5
1225.64
1543.1
987.91
1797.2
1229.05
1114.55
1729.3
1682.45
1289.35
1481.39
1714.85
1611.05
759.19
1476.38
938.35
628.35
1150.15
1621.51
1876.25
1432.3
730.24
1231.35
1035.7
1431.95
1542.26
1303.97
1234.0
1298.75
1183.2
778.65
1596.05
1454.0
1350.9
1155.71
1510.1
1102.65
1039.55
818.31
1099.95
1285.3
1802.75
1154.84
1512.92
1479.77
2019.35
1709.06
1279.6
1766.6
1315.44
1753.6
1313.15
1249.9
1538.78
1432.85
1404.21
1029.31
1520.6
878.45
729.98
1875.2
1434.85
1633.7
1203.32
1291.15
1140.11
1888.7
1093.6
1933.55
1316.75
1835.02
1702.85
822.37
1312.3
1052.37
1395.74
1312.71
1086.85
524.55
1748.3
1735.6
1360.91
1189.15
917.95
1465.55
2037.95
1563.85
467.25
854.65
1148.79
1165.2
844.7
1250.45
1626.16
1110.4
330.9
1329.01
1594.85
1051.7
1205.25
1136.46
1685.6
1409.55
1337.86
664.8
2088.8
1042.9
1697.8
1336.85
1399.63
1898.95
1314.95
1676.3
1813.1
408.05
850.15
314.43
1661.18
777.25
945.5
1703.0
1458.6
792.25
1084.51
1223.75
1904.6
1670.3
531.0
1519.6
1208.45
1960.1
784.67
1823.0
1797.35
1822.85
1191.69
1624.55
1102.3
869.9
952.64
1660.45
1307.55
1257.85
1457.45
1508.51
1473.68
1534.25
274.4
1500.47
1340.0
1324.41
1427.13
916.49
987.35
1342.37
1448.76
1501.85
1382.32
1436.9
1272.7
910.55
1667.08
1068.35
1292.55
1228.6
1187.2
1373.55
1884.53
1459.18
1299.95
797.59
1509.25
980.7
873.95
1348.93
1067.1
1773.05
1588.72
1189.0
1710.91
1272.05
1803.05
942.85
1101.7
953.65
919.41
1233.85
1231.6
1509.25
1811.9
1093.82
719.59
951.8
1615.33
441.6
1524.68
1428.38
1281.16
1721.9
1884.65
898.3
768.73
1065.95
1471.85
1643.35
1250.08
766.73
781.15
1889.39
1434.79
1489.2
1381.25
857.31
1904.15
1671.97
1124.2
1158.07
1399.1
1144.45
1408.53
599.0
1243.84
1580.63
854.65
1525.19
1245.65
1114.58
1506.38
1191.25
1435.74
1042.7
1451.15
1748.9
1429.55
797.43
1812.35
1291.21
1226.85
1326.03
1518.8
1381.84
1233.92
1427.0
1191.14
1769.02
882.95
1269.55
1781.45
1687.55
1631.6
1535.92
1818.2
1631.75
1637.76
1463.9
1131.45
1180.7
1650.5
1272.25
1458.11
951.85
1224.75
1326.11
845.15
1223.2
1515.75
854.6
1744.68
1791.95
1703.15
1376.6
1139.55
1191.5
1933.85
426.55
1082.6
807.8
1327.07
1308.7
1278.55
1516.0
736.15
770.93
757.4
1539.05
1888.1
1727.48
1681.55
1446.2
1661.02
1503.39
1524.75
1161.29
1578.2
546.59
808.75
1443.44
1141.83
1240.97
1561.0
1397.1
1214.9
1270.4
1636.7
1497.95
1632.27
1501.1
1150.48
1304.6
1742.15
1492.7
804.97
723.37
1456.06
772.53
1396.85
837.11
1189.35
1664.17
1595.45
1243.54
886.3
1012.89
1558.25
1376.59
904.6
1247.88
1794.55
1278.56
1563.25
1492.55
1574.07
976.1
814.5
1545.87
850.0
912.1
1704.65
1981.25
616.1
1970.0
1192.62
1467.96
1338.66
1229.5
1261.95
912.25
1219.15
1628.44
984.2
996.35
1846.85
1371.65
1120.32
1599.7
1436.45
1821.05
1549.08
990.5
1299.25
1714.55
1289.3
1255.4
1248.9
984.82
592.54
1564.87
1540.75
946.36
966.2
1451.27
1247.84
1339.83
1452.65
910.4
1567.25
1525.1
1178.39
1347.65
1703.86
1198.5
956.75
1618.54
1736.6
1686.1
1654.77
1464.0
1275.72
1660.55
1101.4
1576.7
1379.08
1204.37
1571.45
1403.53
1421.65
1759.9
953.88
1571.05
1265.98
1359.23
1262.35
1828.1
1451.75
888.35
1311.9
891.55
1297.0
1148.43
841.1
1329.39
942.35
1337.3
1232.45
1205.2
900.95
625.1
1377.32
1151.59
1146.25
1487.4
1364.32
1327.04
868.08
1737.72
628.83
1405.32
1132.55
974.8
1389.65
1625.9
1901.27
726.2
1809.95
942.8
1170.35
1844.75
1561.43
1324.92
1382.45
1182.7
1105.75
1797.35
1646.76
1072.25
1641.65
2077.1
1919.63
1166.57
1451.09
1057.83
1564.7
1131.57
1120.6
944.15
1197.64
634.65
1903.85
1599.1
1014.06
1170.8
1363.85
968.9
1343.89
1741.25
1164.21
881.65
1653.98
1503.55
765.8
768.74
765.5
1387.5
1509.2
1494.15
1825.6
729.98
1804.1
1216.19
1369.0
1568.6
1899.8
1421.6
1604.77
1411.25
823.35
998.89
1216.45
1178.7
1666.25
1401.31
1272.93
1702.18
1638.95
1754.05
1817.0
1727.1
1357.55
918.55
2017.1
1830.55
1162.45
1166.64
806.35
1596.2
1095.43
1807.07
1568.3
1244.75
1034.4
883.45
1578.63
1325.85
993.75
788.73
1552.15
1033.23
1512.5
1293.35
1315.4
967.1
762.8
1158.37
1375.25
1507.64
1017.95
1270.4
1361.85
1723.68
1634.95
1756.39
1371.64
1714.4
1310.36
1712.6
1658.7
1455.8
792.6
883.96
1784.15
979.15
867.4
1440.65
1249.75
1282.65
1695.65
1378.5
1681.33
1749.1
1419.77
1926.4
1584.5
1475.83
1303.7
857.3
1072.4
1153.0
1326.5
1127.8
1168.75
1081.1
1317.7
1326.2
987.8
1722.52
1708.7
537.31
897.35
1710.85
1125.35
1336.4
1530.71
1191.3
1134.28
940.05
1612.85
1244.21
1175.43
1834.6
1077.8
1809.4
1236.75
1732.24
993.85
922.55
1326.75
1754.95
1935.4
1304.59
770.19
798.05
1700.32
1017.11
1091.79
1698.8
1140.64
1709.15
1423.73
1370.15
1826.15
1626.35
1173.0
920.3
1592.15
1302.4
1003.1
963.31
1139.85
1774.87
1741.43
760.69
1669.76
1260.1
1501.1
1229.05
1805.75
1958.15
1585.85
905.45
1913.6
1185.27
656.15
734.71
1344.95
962.6
771.56
1140.4
1340.25
1923.5
1727.48
1604.75
1373.3
1408.49
1233.95
1315.85
1838.91
1852.85
1063.25
1193.92
1494.95
1475.56
1078.6
1619.38
1593.32
1685.3
1287.59
1397.56
1444.9
672.46
1214.65
1407.2
1358.65
1210.6
550.07
1292.76
1297.45
1318.1
593.55
1157.55
992.82
1583.05
1247.98
1634.75
1004.45
1644.85
1774.85
1566.03
1175.55
1672.55
1335.39
1670.78
736.73
760.35
2000.45
1245.73
1410.0
1178.37
1346.45
389.3
1189.37
934.7
1316.35
1904.6
1805.9
367.21
1289.3
521.73
1472.9
1461.27
1646.05
895.1
1779.7
1823.0
649.63
278.47
1333.89
1282.2
1485.32
1475.73
1133.9
1442.8
1087.44
1443.3
1093.15
1026.12
1045.81
1074.06
1441.91
1769.94
1102.69
1219.02
1202.3
1345.98
862.38
1107.43
1320.31
1507.11
1185.45
1228.1
1154.89
1225.85
860.0
1151.35
1296.35
1602.4
1630.2
1593.05
1437.45
1114.09
1596.05
935.1
1275.85
1304.21
1319.53
630.5
1164.7
1044.49
1134.8
1263.7
1302.35
1851.2
1729.7
1787.3
994.68
1589.45
818.65
1285.35
1809.2
1230.0
1333.7
721.5
1129.65
1580.9
1598.45
1230.45
1688.75
1675.4
955.09
1421.0
1454.3
1703.0
1018.54
1109.05
1078.54
1219.15
1986.05
893.8
1646.9
1284.85
566.31
737.83
1329.2
1197.83
1240.25
739.94
1097.39
1228.08
1171.95
1696.55
1929.22
813.85
1412.65
1100.36
665.55
1577.39
1418.54
1002.25
989.6
1627.55
1053.05
1045.85
1311.76
877.1
1065.2
958.55
1348.88
1473.55
1188.9
688.2
734.52
1339.83
1265.33
1147.41
946.4
1675.97
897.35
850.6
1629.65
976.41
1205.08
1385.7
1320.8
1068.35
985.95
1158.9
1476.5
1507.1
928.4
1869.65
1265.1
1207.05
1823.0
1188.34
1641.94
1321.47
1742.8
1348.6
1066.1
1355.3
956.3
1693.85
1897.1
1876.9
1494.15
1463.0
1427.15
1463.0
1332.8
1479.14
1041.09
1141.9
1273.65
2089.7
1747.87
1827.5
1053.7
793.95
1374.51
1413.1
1653.29
1613.59
690.89
1289.85
720.06
1573.24
1847.8
1279.9
1440.5
1158.42
782.4
1216.95
827.59
1463.54
942.35
1249.73
1914.05
1213.82
795.59
1243.69
1516.07
859.15
1505.04
1216.45
1234.25
1315.79
821.64
671.9
1738.55
1282.24
1454.17
1741.55
1497.55
1348.15
1853.15
1037.02
869.95
1045.07
1316.25
1566.46
581.1
1773.31
1627.15
900.5
599.79
1263.72
1178.86
1365.8
1318.04
1761.98
1183.23
786.55
839.3
589.1
1737.5
1523.31
555.87
1863.65
1663.28
1767.58
1326.93
1015.06
812.75
1380.3
1588.09
1604.3
563.12
1604.75
1588.85
1724.35
1141.8
1685.43
1393.13
704.55
1567.7
1523.6
1232.72
1653.56
540.21
873.5
1446.08
554.71
1723.25
1364.25
1319.95
1558.26
970.15
984.15
1194.2
2049.65
1531.36
828.62
1335.39
1346.0
1340.41
1117.45
1332.15
1471.18
1346.99
1057.1
1870.1
1243.7
998.2
1695.39
1989.2
1352.66
1394.15
1724.35
1294.35
618.35
1590.7
675.95
1197.35
959.02
1344.47
1369.64
1038.65
1024.25
977.7
1326.65
1899.2
970.37
2022.48
1283.55
1373.05
858.85
1355.5
1800.8
1439.6
1177.79
1149.4
1399.51
1029.49
1784.2
1276.97
1744.1
1579.07
1490.45
854.15
1017.05
1564.76
1808.5
1149.4
1306.3
1509.92
822.25
1718.6
1437.9
1720.1
1563.85
1714.16
1401.02
1656.5
465.45
838.85
983.25
1354.32
997.19
1901.3
1287.6
1014.41
1187.14
1617.35
1187.45
146.89
1045.85
1357.85
1724.45
1909.55
1824.25
1255.65
1759.61
594.5
1566.15
1276.4
1436.56
1234.4
908.2
769.6
1427.05
1399.56
972.72
862.25
1503.05
1727.2
1239.81
1615.85
1469.93
1873.55
1654.15
954.95
1564.7
1447.0
780.61
843.12
1225.7
559.5
1615.0
1412.9
1640.3
1131.66
1382.07
869.95
632.3
744.0
1737.66
1828.35
1390.55
1819.4
1566.5
1013.45
1651.46
1244.59
1142.65
1037.3
1578.5
810.95
1379.62
1053.49
1434.75
1723.82
1285.3
1519.72
1031.81
1895.2
827.8
882.5
1528.55
1317.65
1290.2
1414.55
1436.59
1237.03
1259.7
1932.05
1437.35
1052.6
1596.2
714.39
1717.76
884.88
1755.31
1619.27
841.76
1328.24
1067.4
324.08
1027.75
1433.92
842.0
1404.21
915.35
1588.26
1613.59
1935.95
700.1
1447.7
746.52
1512.85
1069.29
1091.5
1854.95
1825.41
1365.0
850.55
1440.07
1860.8
1462.96
1545.5
1384.7
1438.45
1278.74
1682.6
531.44
1017.24
1329.39
1270.8
1664.9
836.03
1297.56
1929.1
1298.3
1392.84
500.55
1273.54
1497.77
1022.0
767.75
1003.96
1166.1
1423.93
1916.6
1633.79
1581.65
922.85
1593.56
1637.45
1517.0
1587.65
1946.45
1083.51
1253.8
889.75
1238.81
2093.3
1572.4
1287.05
1349.04
1520.15
764.2
922.55
937.15
1719.65
1035.21
1453.22
1460.31
1756.11
1903.55
1263.2
309.79
1442.97
1518.8
1511.87
937.9
1690.1
1163.6
1498.29
1184.68
1896.35
1365.85
1377.55
1635.87
1855.7
1599.99
670.55
1694.54
1535.8
1349.2
295.29
1268.15
1558.9
1270.4
1544.57
1783.75
986.02
643.15
906.12
1701.5
851.0
